77 36
p 0 0 0.7
p 1 0 0.6
p 2 0 0.6
p 3 0 0.6
p 4 0 0.7
p 5 0 0.7
p 6 0 0.7
p 7 0 0.7
p 8 0 0.7
p 9 0 0.7
p 10 0 0.7
p 11 0 0.7
p 12 0 0.7
p 13 0 0.7
p 14 0 0.7
p 15 0 0.7
p 16 0 0.8
p 17 0 0.7
p 18 0 0.7
p 19 0 0.7
p 20 0 0.7
p 21 0 0.7
p 22 0 0.7
p 23 0 0.7
p 24 0 0.8
p 25 0 0.8
p 26 0 0.8
p 27 0 0.8
p 28 0 0.8
p 29 0 0.8
p 30 0 0.8
p 31 0 0.8
p 32 0 0.8
p 33 0 0.8
p 34 0 0.8
p 35 0 0.8
p 36 0 0.8
p 37 0 0.8
p 38 0 0.8
p 39 0 0.8
p 40 0 0.8
p 41 0 0.9
p 42 0 0.8
p 43 0 0.8
p 44 0 0.8
p 45 0 0.8
p 46 0 0.8
p 47 0 0.8
p 48 0 0.8
p 49 0 0.8
p 50 0 0.9
p 51 0 0.9
p 52 0 0.9
p 53 0 0.9
p 54 0 0.8
p 55 0 0.8
p 56 0 0.8
p 57 0 0.8
p 58 0 0.8
p 59 0 0.8
p 60 0 0.8
p 61 0 0.8
p 62 0 0.9
p 63 0 0.9
p 64 0 0.9
p 65 0 0.9
p 66 0 0.9
p 67 0 0.9
p 68 0 0.9
p 69 0 0.9
p 70 0 0.9
p 71 0 0.9
p 72 0 0.9
p 73 0 0.9
p 74 0 0.8
p 75 0 0.8
p 76 0 0.9
p 0 1 0.7
p 1 1 0.7
p 2 1 0.7
p 3 1 0.7
p 4 1 0.7
p 5 1 0.7
p 6 1 0.7
p 7 1 0.7
p 8 1 0.7
p 9 1 0.7
p 10 1 0.7
p 11 1 0.7
p 12 1 0.7
p 13 1 0.7
p 14 1 0.7
p 15 1 0.7
p 16 1 0.7
p 17 1 0.7
p 18 1 0.8
p 19 1 0.8
p 20 1 0.8
p 21 1 0.8
p 22 1 0.8
p 23 1 0.8
p 24 1 0.8
p 25 1 0.8
p 26 1 0.7
p 27 1 0.8
p 28 1 0.8
p 29 1 0.8
p 30 1 0.8
p 31 1 0.8
p 32 1 0.8
p 33 1 0.7
p 34 1 0.7
p 35 1 0.6
p 36 1 0.6
p 37 1 0.5
p 38 1 0.5
p 39 1 0.5
p 40 1 0.6
p 41 1 0.6
p 42 1 0.6
p 43 1 0.7
p 44 1 0.7
p 45 1 0.8
p 46 1 0.8
p 47 1 0.9
p 48 1 0.9
p 49 1 0.8
p 50 1 0.9
p 51 1 0.9
p 52 1 0.9
p 53 1 0.9
p 54 1 0.8
p 55 1 0.8
p 56 1 0.8
p 57 1 0.8
p 58 1 0.8
p 59 1 0.9
p 60 1 0.9
p 61 1 0.9
p 62 1 0.9
p 63 1 0.9
p 64 1 0.9
p 65 1 0.9
p 66 1 0.9
p 67 1 0.9
p 68 1 0.9
p 69 1 0.9
p 70 1 0.9
p 71 1 0.9
p 72 1 0.9
p 73 1 0.9
p 74 1 0.9
p 75 1 0.9
p 76 1 0.9
p 0 2 0.7
p 1 2 0.7
p 2 2 0.7
p 3 2 0.7
p 4 2 0.7
p 5 2 0.7
p 6 2 0.7
p 7 2 0.7
p 8 2 0.7
p 9 2 0.7
p 10 2 0.7
p 11 2 0.7
p 12 2 0.7
p 13 2 0.7
p 14 2 0.8
p 15 2 0.8
p 16 2 0.8
p 17 2 0.8
p 18 2 0.8
p 19 2 0.8
p 20 2 0.8
p 21 2 0.8
p 22 2 0.8
p 23 2 0.8
p 24 2 0.8
p 25 2 0.8
p 26 2 0.8
p 27 2 0.8
p 28 2 0.8
p 29 2 0.8
p 30 2 0.8
p 31 2 0.6
p 32 2 0.4
p 33 2 0.3
p 34 2 0.4
p 35 2 0.4
p 36 2 0.2
p 37 2 0.2
p 38 2 0.2
p 39 2 0.2
p 40 2 0.2
p 41 2 0.1
p 42 2 0.2
p 43 2 0.3
p 44 2 0.3
p 45 2 0.4
p 46 2 0.5
p 47 2 0.6
p 48 2 0.8
p 49 2 0.9
p 50 2 0.9
p 51 2 0.9
p 52 2 0.9
p 53 2 0.9
p 54 2 0.9
p 55 2 0.9
p 56 2 0.8
p 57 2 0.8
p 58 2 0.9
p 59 2 0.9
p 60 2 0.9
p 61 2 0.9
p 62 2 0.9
p 63 2 0.9
p 64 2 0.9
p 65 2 0.9
p 66 2 0.9
p 67 2 0.9
p 68 2 0.9
p 69 2 0.9
p 70 2 0.9
p 71 2 0.9
p 72 2 0.9
p 73 2 0.9
p 74 2 0.9
p 75 2 0.9
p 76 2 0.9
p 0 3 0.7
p 1 3 0.7
p 2 3 0.7
p 3 3 0.7
p 4 3 0.7
p 5 3 0.7
p 6 3 0.7
p 7 3 0.7
p 8 3 0.8
p 9 3 0.8
p 10 3 0.8
p 11 3 0.8
p 12 3 0.8
p 13 3 0.8
p 14 3 0.8
p 15 3 0.8
p 16 3 0.8
p 17 3 0.8
p 18 3 0.8
p 19 3 0.8
p 20 3 0.8
p 21 3 0.8
p 22 3 0.8
p 23 3 0.8
p 24 3 0.8
p 25 3 0.8
p 26 3 0.8
p 27 3 0.8
p 28 3 0.8
p 29 3 0.6
p 30 3 0.2
p 31 3 0.4
p 32 3 0.5
p 33 3 0.5
p 34 3 0.6
p 35 3 0.6
p 36 3 0.5
p 37 3 0.5
p 38 3 0.4
p 39 3 0.3
p 40 3 0.3
p 41 3 0.3
p 42 3 0.2
p 43 3 0.2
p 44 3 0.2
p 45 3 0.2
p 46 3 0.2
p 47 3 0.3
p 48 3 0.2
p 49 3 0.5
p 50 3 0.8
p 51 3 0.9
p 52 3 0.9
p 53 3 0.9
p 54 3 0.9
p 55 3 0.9
p 56 3 0.9
p 57 3 0.9
p 58 3 0.9
p 59 3 0.9
p 60 3 0.9
p 61 3 0.9
p 62 3 0.9
p 63 3 0.9
p 64 3 0.9
p 65 3 0.9
p 66 3 0.9
p 67 3 0.9
p 68 3 0.9
p 69 3 0.9
p 70 3 0.9
p 71 3 0.9
p 72 3 0.9
p 73 3 0.9
p 74 3 0.9
p 75 3 0.9
p 76 3 0.9
p 0 4 0.7
p 1 4 0.7
p 2 4 0.7
p 3 4 0.7
p 4 4 0.7
p 5 4 0.7
p 6 4 0.8
p 7 4 0.8
p 8 4 0.8
p 9 4 0.8
p 10 4 0.8
p 11 4 0.8
p 12 4 0.8
p 13 4 0.8
p 14 4 0.8
p 15 4 0.8
p 16 4 0.8
p 17 4 0.8
p 18 4 0.8
p 19 4 0.8
p 20 4 0.8
p 21 4 0.8
p 22 4 0.8
p 23 4 0.8
p 24 4 0.8
p 25 4 0.8
p 26 4 0.9
p 27 4 0.8
p 28 4 0.5
p 29 4 0.4
p 30 4 0.7
p 31 4 0.8
p 32 4 0.9
p 33 4 0.9
p 34 4 0.9
p 35 4 0.9
p 36 4 0.8
p 37 4 0.8
p 38 4 0.8
p 39 4 0.7
p 40 4 0.6
p 41 4 0.5
p 42 4 0.3
p 43 4 0.3
p 44 4 0.3
p 45 4 0.2
p 46 4 0.2
p 47 4 0.3
p 48 4 0.3
p 49 4 0.2
p 50 4 0.2
p 51 4 0.7
p 52 4 0.9
p 53 4 0.9
p 54 4 0.9
p 55 4 0.9
p 56 4 0.9
p 57 4 0.9
p 58 4 0.9
p 59 4 0.9
p 60 4 0.9
p 61 4 0.9
p 62 4 0.9
p 63 4 0.9
p 64 4 0.9
p 65 4 0.9
p 66 4 0.9
p 67 4 0.9
p 68 4 0.9
p 69 4 0.9
p 70 4 0.9
p 71 4 0.9
p 72 4 0.9
p 73 4 0.9
p 74 4 0.9
p 75 4 0.9
p 76 4 0.9
p 0 5 0.7
p 1 5 0.7
p 2 5 0.7
p 3 5 0.7
p 4 5 0.7
p 5 5 0.7
p 6 5 0.8
p 7 5 0.8
p 8 5 0.8
p 9 5 0.8
p 10 5 0.8
p 11 5 0.8
p 12 5 0.8
p 13 5 0.8
p 14 5 0.8
p 15 5 0.8
p 16 5 0.8
p 17 5 0.8
p 18 5 0.8
p 19 5 0.8
p 20 5 0.8
p 21 5 0.8
p 22 5 0.8
p 23 5 0.8
p 24 5 0.9
p 25 5 0.9
p 26 5 0.8
p 27 5 0.4
p 28 5 0.5
p 29 5 0.8
p 30 5 0.9
p 31 5 0.9
p 32 5 0.9
p 33 5 0.9
p 34 5 0.9
p 35 5 0.9
p 36 5 0.9
p 37 5 0.9
p 38 5 0.9
p 39 5 0.9
p 40 5 0.8
p 41 5 0.7
p 42 5 0.6
p 43 5 0.4
p 44 5 0.3
p 45 5 0.2
p 46 5 0.3
p 47 5 0.3
p 48 5 0.2
p 49 5 0.3
p 50 5 0.3
p 51 5 0.2
p 52 5 0.6
p 53 5 0.9
p 54 5 0.9
p 55 5 0.9
p 56 5 0.9
p 57 5 0.9
p 58 5 0.9
p 59 5 0.9
p 60 5 0.9
p 61 5 0.9
p 62 5 0.9
p 63 5 0.9
p 64 5 0.9
p 65 5 0.9
p 66 5 0.9
p 67 5 0.9
p 68 5 0.9
p 69 5 0.9
p 70 5 0.9
p 71 5 0.9
p 72 5 0.9
p 73 5 0.9
p 74 5 0.9
p 75 5 0.9
p 76 5 0.9
p 0 6 0.8
p 1 6 0.8
p 2 6 0.8
p 3 6 0.7
p 4 6 0.7
p 5 6 0.8
p 6 6 0.8
p 7 6 0.8
p 8 6 0.8
p 9 6 0.8
p 10 6 0.8
p 11 6 0.8
p 12 6 0.8
p 13 6 0.8
p 14 6 0.8
p 15 6 0.8
p 16 6 0.8
p 17 6 0.8
p 18 6 0.8
p 19 6 0.8
p 20 6 0.8
p 21 6 0.8
p 22 6 0.8
p 23 6 0.9
p 24 6 0.9
p 25 6 0.8
p 26 6 0.5
p 27 6 0.2
p 28 6 0.7
p 29 6 0.8
p 30 6 0.9
p 31 6 0.9
p 32 6 0.9
p 33 6 0.9
p 34 6 0.9
p 35 6 0.9
p 36 6 0.9
p 37 6 0.9
p 38 6 0.9
p 39 6 0.9
p 40 6 0.8
p 41 6 0.8
p 42 6 0.7
p 43 6 0.6
p 44 6 0.5
p 45 6 0.4
p 46 6 0.3
p 47 6 0.2
p 48 6 0.3
p 49 6 0.1
p 50 6 0.3
p 51 6 0.2
p 52 6 0.1
p 53 6 0.7
p 54 6 0.9
p 55 6 0.8
p 56 6 0.9
p 57 6 0.9
p 58 6 0.9
p 59 6 0.9
p 60 6 0.9
p 61 6 0.9
p 62 6 0.9
p 63 6 0.9
p 64 6 0.9
p 65 6 0.9
p 66 6 0.9
p 67 6 0.9
p 68 6 0.9
p 69 6 0.9
p 70 6 0.9
p 71 6 0.9
p 72 6 0.9
p 73 6 0.9
p 74 6 0.9
p 75 6 0.9
p 76 6 0.9
p 0 7 0.7
p 1 7 0.7
p 2 7 0.8
p 3 7 0.7
p 4 7 0.7
p 5 7 0.7
p 6 7 0.7
p 7 7 0.8
p 8 7 0.8
p 9 7 0.8
p 10 7 0.8
p 11 7 0.8
p 12 7 0.8
p 13 7 0.8
p 14 7 0.8
p 15 7 0.8
p 16 7 0.8
p 17 7 0.8
p 18 7 0.8
p 19 7 0.9
p 20 7 0.8
p 21 7 0.8
p 22 7 0.9
p 23 7 0.9
p 24 7 0.8
p 25 7 0.5
p 26 7 0.3
p 27 7 0.5
p 28 7 0.8
p 29 7 0.9
p 30 7 0.9
p 31 7 0.9
p 32 7 0.9
p 33 7 0.9
p 34 7 0.9
p 35 7 0.9
p 36 7 0.9
p 37 7 0.9
p 38 7 0.9
p 39 7 0.9
p 40 7 0.9
p 41 7 0.8
p 42 7 0.8
p 43 7 0.8
p 44 7 0.7
p 45 7 0.5
p 46 7 0.3
p 47 7 0.3
p 48 7 0.2
p 49 7 0.3
p 50 7 0.3
p 51 7 0.1
p 52 7 0.1
p 53 7 0.5
p 54 7 0.8
p 55 7 0.8
p 56 7 0.8
p 57 7 0.8
p 58 7 0.8
p 59 7 0.8
p 60 7 0.9
p 61 7 0.9
p 62 7 0.9
p 63 7 0.9
p 64 7 0.9
p 65 7 0.9
p 66 7 0.9
p 67 7 0.9
p 68 7 0.9
p 69 7 0.9
p 70 7 0.9
p 71 7 0.9
p 72 7 0.9
p 73 7 0.9
p 74 7 0.9
p 75 7 0.9
p 76 7 0.9
p 0 8 0.6
p 1 8 0.6
p 2 8 0.5
p 3 8 0.6
p 4 8 0.6
p 5 8 0.6
p 6 8 0.6
p 7 8 0.7
p 8 8 0.7
p 9 8 0.7
p 10 8 0.7
p 11 8 0.7
p 12 8 0.7
p 13 8 0.8
p 14 8 0.8
p 15 8 0.8
p 16 8 0.8
p 17 8 0.9
p 18 8 0.9
p 19 8 0.9
p 20 8 0.9
p 21 8 0.9
p 22 8 0.9
p 23 8 0.8
p 24 8 0.7
p 25 8 0.4
p 26 8 0.0
p 27 8 0.5
p 28 8 0.8
p 29 8 0.9
p 30 8 0.8
p 31 8 0.8
p 32 8 0.9
p 33 8 0.9
p 34 8 0.9
p 35 8 0.9
p 36 8 0.8
p 37 8 0.8
p 38 8 0.8
p 39 8 0.8
p 40 8 0.8
p 41 8 0.8
p 42 8 0.7
p 43 8 0.7
p 44 8 0.6
p 45 8 0.5
p 46 8 0.2
p 47 8 0.2
p 48 8 0.2
p 49 8 0.2
p 50 8 0.3
p 51 8 0.3
p 52 8 0.2
p 53 8 0.3
p 54 8 0.7
p 55 8 0.7
p 56 8 0.7
p 57 8 0.7
p 58 8 0.8
p 59 8 0.8
p 60 8 0.8
p 61 8 0.8
p 62 8 0.8
p 63 8 0.8
p 64 8 0.9
p 65 8 0.9
p 66 8 0.9
p 67 8 0.9
p 68 8 0.9
p 69 8 0.9
p 70 8 0.9
p 71 8 1.0
p 72 8 1.0
p 73 8 0.9
p 74 8 0.9
p 75 8 0.9
p 76 8 0.8
p 0 9 0.5
p 1 9 0.5
p 2 9 0.4
p 3 9 0.5
p 4 9 0.6
p 5 9 0.6
p 6 9 0.6
p 7 9 0.6
p 8 9 0.6
p 9 9 0.6
p 10 9 0.6
p 11 9 0.6
p 12 9 0.6
p 13 9 0.6
p 14 9 0.6
p 15 9 0.7
p 16 9 0.7
p 17 9 0.8
p 18 9 0.9
p 19 9 0.9
p 20 9 0.9
p 21 9 0.9
p 22 9 0.9
p 23 9 0.7
p 24 9 0.5
p 25 9 0.4
p 26 9 0.2
p 27 9 0.3
p 28 9 0.5
p 29 9 0.6
p 30 9 0.6
p 31 9 0.6
p 32 9 0.7
p 33 9 0.8
p 34 9 0.9
p 35 9 0.7
p 36 9 0.5
p 37 9 0.7
p 38 9 0.7
p 39 9 0.6
p 40 9 0.5
p 41 9 0.5
p 42 9 0.5
p 43 9 0.6
p 44 9 0.7
p 45 9 0.6
p 46 9 0.4
p 47 9 0.3
p 48 9 0.3
p 49 9 0.2
p 50 9 0.1
p 51 9 0.3
p 52 9 0.2
p 53 9 0.2
p 54 9 0.6
p 55 9 0.6
p 56 9 0.6
p 57 9 0.7
p 58 9 0.7
p 59 9 0.7
p 60 9 0.7
p 61 9 0.8
p 62 9 0.8
p 63 9 0.7
p 64 9 0.8
p 65 9 0.8
p 66 9 0.9
p 67 9 0.9
p 68 9 0.9
p 69 9 0.9
p 70 9 0.9
p 71 9 0.9
p 72 9 0.9
p 73 9 0.9
p 74 9 0.9
p 75 9 0.9
p 76 9 0.8
p 0 10 0.5
p 1 10 0.5
p 2 10 0.5
p 3 10 0.5
p 4 10 0.5
p 5 10 0.6
p 6 10 0.6
p 7 10 0.6
p 8 10 0.5
p 9 10 0.6
p 10 10 0.6
p 11 10 0.5
p 12 10 0.5
p 13 10 0.6
p 14 10 0.6
p 15 10 0.7
p 16 10 0.6
p 17 10 0.8
p 18 10 0.8
p 19 10 0.8
p 20 10 0.7
p 21 10 0.7
p 22 10 0.8
p 23 10 0.8
p 24 10 0.4
p 25 10 0.3
p 26 10 0.1
p 27 10 0.5
p 28 10 0.7
p 29 10 0.8
p 30 10 0.8
p 31 10 0.7
p 32 10 0.8
p 33 10 0.9
p 34 10 0.9
p 35 10 0.7
p 36 10 0.7
p 37 10 0.8
p 38 10 0.8
p 39 10 0.8
p 40 10 0.8
p 41 10 0.8
p 42 10 0.8
p 43 10 0.9
p 44 10 0.8
p 45 10 0.6
p 46 10 0.3
p 47 10 0.2
p 48 10 0.3
p 49 10 0.3
p 50 10 0.1
p 51 10 0.2
p 52 10 0.3
p 53 10 0.2
p 54 10 0.5
p 55 10 0.6
p 56 10 0.6
p 57 10 0.6
p 58 10 0.7
p 59 10 0.7
p 60 10 0.7
p 61 10 0.7
p 62 10 0.7
p 63 10 0.7
p 64 10 0.7
p 65 10 0.8
p 66 10 0.8
p 67 10 0.9
p 68 10 0.9
p 69 10 0.9
p 70 10 0.9
p 71 10 0.9
p 72 10 0.9
p 73 10 0.9
p 74 10 0.9
p 75 10 0.8
p 76 10 0.8
p 0 11 0.5
p 1 11 0.5
p 2 11 0.5
p 3 11 0.5
p 4 11 0.5
p 5 11 0.5
p 6 11 0.6
p 7 11 0.5
p 8 11 0.5
p 9 11 0.5
p 10 11 0.5
p 11 11 0.5
p 12 11 0.5
p 13 11 0.5
p 14 11 0.5
p 15 11 0.5
p 16 11 0.5
p 17 11 0.5
p 18 11 0.6
p 19 11 0.6
p 20 11 0.6
p 21 11 0.5
p 22 11 0.6
p 23 11 0.6
p 24 11 0.5
p 25 11 0.2
p 26 11 0.0
p 27 11 0.5
p 28 11 0.9
p 29 11 0.9
p 30 11 0.9
p 31 11 0.9
p 32 11 0.9
p 33 11 0.9
p 34 11 0.9
p 35 11 0.8
p 36 11 0.8
p 37 11 0.9
p 38 11 0.9
p 39 11 0.9
p 40 11 0.9
p 41 11 0.9
p 42 11 0.8
p 43 11 0.8
p 44 11 0.7
p 45 11 0.5
p 46 11 0.2
p 47 11 0.2
p 48 11 0.2
p 49 11 0.3
p 50 11 0.2
p 51 11 0.2
p 52 11 0.3
p 53 11 0.3
p 54 11 0.4
p 55 11 0.7
p 56 11 0.7
p 57 11 0.7
p 58 11 0.7
p 59 11 0.8
p 60 11 0.7
p 61 11 0.7
p 62 11 0.7
p 63 11 0.7
p 64 11 0.7
p 65 11 0.8
p 66 11 0.8
p 67 11 0.9
p 68 11 0.9
p 69 11 0.9
p 70 11 0.9
p 71 11 0.9
p 72 11 0.9
p 73 11 0.9
p 74 11 0.8
p 75 11 0.8
p 76 11 0.8
p 0 12 0.4
p 1 12 0.3
p 2 12 0.4
p 3 12 0.4
p 4 12 0.4
p 5 12 0.4
p 6 12 0.5
p 7 12 0.4
p 8 12 0.5
p 9 12 0.5
p 10 12 0.5
p 11 12 0.5
p 12 12 0.5
p 13 12 0.5
p 14 12 0.4
p 15 12 0.4
p 16 12 0.5
p 17 12 0.4
p 18 12 0.4
p 19 12 0.5
p 20 12 0.5
p 21 12 0.4
p 22 12 0.4
p 23 12 0.4
p 24 12 0.4
p 25 12 0.3
p 26 12 0.2
p 27 12 0.3
p 28 12 0.7
p 29 12 0.9
p 30 12 0.9
p 31 12 0.9
p 32 12 0.8
p 33 12 0.9
p 34 12 0.9
p 35 12 0.8
p 36 12 0.7
p 37 12 0.9
p 38 12 0.9
p 39 12 0.9
p 40 12 0.9
p 41 12 0.8
p 42 12 0.7
p 43 12 0.7
p 44 12 0.6
p 45 12 0.4
p 46 12 0.2
p 47 12 0.2
p 48 12 0.2
p 49 12 0.3
p 50 12 0.2
p 51 12 0.2
p 52 12 0.2
p 53 12 0.3
p 54 12 0.3
p 55 12 0.5
p 56 12 0.6
p 57 12 0.6
p 58 12 0.6
p 59 12 0.7
p 60 12 0.7
p 61 12 0.7
p 62 12 0.7
p 63 12 0.7
p 64 12 0.8
p 65 12 0.8
p 66 12 0.8
p 67 12 0.8
p 68 12 0.8
p 69 12 0.8
p 70 12 0.8
p 71 12 0.8
p 72 12 0.8
p 73 12 0.7
p 74 12 0.7
p 75 12 0.7
p 76 12 0.8
p 0 13 0.3
p 1 13 0.3
p 2 13 0.3
p 3 13 0.4
p 4 13 0.4
p 5 13 0.3
p 6 13 0.4
p 7 13 0.4
p 8 13 0.4
p 9 13 0.5
p 10 13 0.5
p 11 13 0.5
p 12 13 0.5
p 13 13 0.5
p 14 13 0.5
p 15 13 0.5
p 16 13 0.5
p 17 13 0.5
p 18 13 0.5
p 19 13 0.5
p 20 13 0.4
p 21 13 0.4
p 22 13 0.3
p 23 13 0.1
p 24 13 0.2
p 25 13 0.2
p 26 13 0.1
p 27 13 0.1
p 28 13 0.5
p 29 13 0.8
p 30 13 0.8
p 31 13 0.8
p 32 13 0.8
p 33 13 0.8
p 34 13 0.6
p 35 13 0.5
p 36 13 0.6
p 37 13 0.8
p 38 13 0.9
p 39 13 0.8
p 40 13 0.8
p 41 13 0.8
p 42 13 0.7
p 43 13 0.6
p 44 13 0.5
p 45 13 0.3
p 46 13 0.2
p 47 13 0.1
p 48 13 0.2
p 49 13 0.2
p 50 13 0.2
p 51 13 0.1
p 52 13 0.1
p 53 13 0.3
p 54 13 0.2
p 55 13 0.4
p 56 13 0.5
p 57 13 0.5
p 58 13 0.5
p 59 13 0.6
p 60 13 0.6
p 61 13 0.6
p 62 13 0.6
p 63 13 0.6
p 64 13 0.6
p 65 13 0.6
p 66 13 0.7
p 67 13 0.7
p 68 13 0.7
p 69 13 0.7
p 70 13 0.7
p 71 13 0.7
p 72 13 0.7
p 73 13 0.7
p 74 13 0.6
p 75 13 0.6
p 76 13 0.6
p 0 14 0.3
p 1 14 0.2
p 2 14 0.2
p 3 14 0.3
p 4 14 0.4
p 5 14 0.4
p 6 14 0.4
p 7 14 0.4
p 8 14 0.4
p 9 14 0.4
p 10 14 0.4
p 11 14 0.4
p 12 14 0.5
p 13 14 0.5
p 14 14 0.5
p 15 14 0.4
p 16 14 0.5
p 17 14 0.5
p 18 14 0.5
p 19 14 0.3
p 20 14 0.4
p 21 14 0.4
p 22 14 0.4
p 23 14 0.3
p 24 14 0.2
p 25 14 0.3
p 26 14 0.3
p 27 14 0.1
p 28 14 0.3
p 29 14 0.7
p 30 14 0.8
p 31 14 0.7
p 32 14 0.8
p 33 14 0.8
p 34 14 0.7
p 35 14 0.6
p 36 14 0.7
p 37 14 0.7
p 38 14 0.7
p 39 14 0.8
p 40 14 0.8
p 41 14 0.7
p 42 14 0.7
p 43 14 0.6
p 44 14 0.5
p 45 14 0.3
p 46 14 0.2
p 47 14 0.2
p 48 14 0.2
p 49 14 0.2
p 50 14 0.1
p 51 14 0.1
p 52 14 0.2
p 53 14 0.2
p 54 14 0.2
p 55 14 0.3
p 56 14 0.5
p 57 14 0.6
p 58 14 0.6
p 59 14 0.6
p 60 14 0.6
p 61 14 0.6
p 62 14 0.6
p 63 14 0.6
p 64 14 0.6
p 65 14 0.6
p 66 14 0.7
p 67 14 0.7
p 68 14 0.7
p 69 14 0.7
p 70 14 0.7
p 71 14 0.7
p 72 14 0.7
p 73 14 0.7
p 74 14 0.6
p 75 14 0.6
p 76 14 0.6
p 0 15 0.3
p 1 15 0.3
p 2 15 0.3
p 3 15 0.3
p 4 15 0.4
p 5 15 0.4
p 6 15 0.4
p 7 15 0.3
p 8 15 0.4
p 9 15 0.4
p 10 15 0.4
p 11 15 0.4
p 12 15 0.4
p 13 15 0.4
p 14 15 0.4
p 15 15 0.4
p 16 15 0.4
p 17 15 0.4
p 18 15 0.4
p 19 15 0.4
p 20 15 0.5
p 21 15 0.5
p 22 15 0.4
p 23 15 0.4
p 24 15 0.3
p 25 15 0.2
p 26 15 0.2
p 27 15 0.1
p 28 15 0.0
p 29 15 0.4
p 30 15 0.7
p 31 15 0.8
p 32 15 0.8
p 33 15 0.8
p 34 15 0.7
p 35 15 0.7
p 36 15 0.7
p 37 15 0.7
p 38 15 0.8
p 39 15 0.8
p 40 15 0.8
p 41 15 0.7
p 42 15 0.6
p 43 15 0.5
p 44 15 0.4
p 45 15 0.3
p 46 15 0.2
p 47 15 0.1
p 48 15 0.2
p 49 15 0.2
p 50 15 0.1
p 51 15 0.1
p 52 15 0.2
p 53 15 0.2
p 54 15 0.2
p 55 15 0.4
p 56 15 0.6
p 57 15 0.6
p 58 15 0.6
p 59 15 0.6
p 60 15 0.6
p 61 15 0.7
p 62 15 0.6
p 63 15 0.6
p 64 15 0.6
p 65 15 0.6
p 66 15 0.6
p 67 15 0.7
p 68 15 0.7
p 69 15 0.7
p 70 15 0.6
p 71 15 0.6
p 72 15 0.6
p 73 15 0.6
p 74 15 0.6
p 75 15 0.6
p 76 15 0.6
p 0 16 0.3
p 1 16 0.2
p 2 16 0.2
p 3 16 0.3
p 4 16 0.3
p 5 16 0.3
p 6 16 0.4
p 7 16 0.4
p 8 16 0.3
p 9 16 0.3
p 10 16 0.4
p 11 16 0.3
p 12 16 0.4
p 13 16 0.4
p 14 16 0.4
p 15 16 0.4
p 16 16 0.5
p 17 16 0.5
p 18 16 0.5
p 19 16 0.5
p 20 16 0.5
p 21 16 0.5
p 22 16 0.6
p 23 16 0.4
p 24 16 0.3
p 25 16 0.3
p 26 16 0.1
p 27 16 0.2
p 28 16 0.3
p 29 16 0.0
p 30 16 0.1
p 31 16 0.4
p 32 16 0.7
p 33 16 0.9
p 34 16 0.9
p 35 16 0.9
p 36 16 0.8
p 37 16 0.7
p 38 16 0.7
p 39 16 0.6
p 40 16 0.6
p 41 16 0.5
p 42 16 0.4
p 43 16 0.4
p 44 16 0.3
p 45 16 0.2
p 46 16 0.2
p 47 16 0.1
p 48 16 0.1
p 49 16 0.1
p 50 16 0.2
p 51 16 0.2
p 52 16 0.1
p 53 16 0.2
p 54 16 0.3
p 55 16 0.3
p 56 16 0.5
p 57 16 0.7
p 58 16 0.6
p 59 16 0.6
p 60 16 0.7
p 61 16 0.7
p 62 16 0.7
p 63 16 0.6
p 64 16 0.6
p 65 16 0.6
p 66 16 0.6
p 67 16 0.6
p 68 16 0.7
p 69 16 0.7
p 70 16 0.6
p 71 16 0.6
p 72 16 0.7
p 73 16 0.6
p 74 16 0.6
p 75 16 0.6
p 76 16 0.6
p 0 17 0.3
p 1 17 0.2
p 2 17 0.3
p 3 17 0.3
p 4 17 0.2
p 5 17 0.3
p 6 17 0.3
p 7 17 0.4
p 8 17 0.3
p 9 17 0.3
p 10 17 0.4
p 11 17 0.3
p 12 17 0.3
p 13 17 0.3
p 14 17 0.4
p 15 17 0.4
p 16 17 0.4
p 17 17 0.4
p 18 17 0.5
p 19 17 0.5
p 20 17 0.6
p 21 17 0.6
p 22 17 0.6
p 23 17 0.5
p 24 17 0.3
p 25 17 0.3
p 26 17 0.3
p 27 17 0.2
p 28 17 0.2
p 29 17 0.1
p 30 17 0.0
p 31 17 0.1
p 32 17 0.1
p 33 17 0.4
p 34 17 0.6
p 35 17 0.5
p 36 17 0.5
p 37 17 0.5
p 38 17 0.4
p 39 17 0.4
p 40 17 0.3
p 41 17 0.3
p 42 17 0.3
p 43 17 0.3
p 44 17 0.3
p 45 17 0.2
p 46 17 0.3
p 47 17 0.2
p 48 17 0.2
p 49 17 0.2
p 50 17 0.1
p 51 17 0.2
p 52 17 0.2
p 53 17 0.2
p 54 17 0.2
p 55 17 0.3
p 56 17 0.4
p 57 17 0.6
p 58 17 0.6
p 59 17 0.6
p 60 17 0.6
p 61 17 0.6
p 62 17 0.6
p 63 17 0.6
p 64 17 0.6
p 65 17 0.6
p 66 17 0.6
p 67 17 0.6
p 68 17 0.6
p 69 17 0.6
p 70 17 0.6
p 71 17 0.6
p 72 17 0.6
p 73 17 0.6
p 74 17 0.7
p 75 17 0.7
p 76 17 0.6
p 0 18 0.3
p 1 18 0.3
p 2 18 0.3
p 3 18 0.2
p 4 18 0.2
p 5 18 0.2
p 6 18 0.3
p 7 18 0.3
p 8 18 0.4
p 9 18 0.4
p 10 18 0.4
p 11 18 0.4
p 12 18 0.5
p 13 18 0.5
p 14 18 0.5
p 15 18 0.5
p 16 18 0.5
p 17 18 0.5
p 18 18 0.6
p 19 18 0.6
p 20 18 0.6
p 21 18 0.6
p 22 18 0.7
p 23 18 0.6
p 24 18 0.4
p 25 18 0.1
p 26 18 0.2
p 27 18 0.2
p 28 18 0.1
p 29 18 0.1
p 30 18 0.1
p 31 18 0.2
p 32 18 0.1
p 33 18 0.0
p 34 18 0.1
p 35 18 0.5
p 36 18 0.4
p 37 18 0.4
p 38 18 0.3
p 39 18 0.2
p 40 18 0.3
p 41 18 0.3
p 42 18 0.4
p 43 18 0.4
p 44 18 0.5
p 45 18 0.5
p 46 18 0.5
p 47 18 0.3
p 48 18 0.2
p 49 18 0.2
p 50 18 0.2
p 51 18 0.1
p 52 18 0.2
p 53 18 0.2
p 54 18 0.2
p 55 18 0.3
p 56 18 0.4
p 57 18 0.5
p 58 18 0.6
p 59 18 0.6
p 60 18 0.6
p 61 18 0.6
p 62 18 0.6
p 63 18 0.6
p 64 18 0.6
p 65 18 0.6
p 66 18 0.6
p 67 18 0.5
p 68 18 0.5
p 69 18 0.5
p 70 18 0.5
p 71 18 0.6
p 72 18 0.6
p 73 18 0.6
p 74 18 0.6
p 75 18 0.5
p 76 18 0.5
p 0 19 0.2
p 1 19 0.2
p 2 19 0.2
p 3 19 0.2
p 4 19 0.2
p 5 19 0.2
p 6 19 0.3
p 7 19 0.3
p 8 19 0.3
p 9 19 0.4
p 10 19 0.5
p 11 19 0.5
p 12 19 0.5
p 13 19 0.5
p 14 19 0.6
p 15 19 0.6
p 16 19 0.6
p 17 19 0.6
p 18 19 0.6
p 19 19 0.6
p 20 19 0.6
p 21 19 0.6
p 22 19 0.6
p 23 19 0.6
p 24 19 0.5
p 25 19 0.3
p 26 19 0.2
p 27 19 0.3
p 28 19 0.2
p 29 19 0.2
p 30 19 0.0
p 31 19 0.1
p 32 19 0.2
p 33 19 0.1
p 34 19 0.0
p 35 19 0.6
p 36 19 0.8
p 37 19 0.7
p 38 19 0.7
p 39 19 0.6
p 40 19 0.5
p 41 19 0.6
p 42 19 0.6
p 43 19 0.6
p 44 19 0.7
p 45 19 0.7
p 46 19 0.6
p 47 19 0.5
p 48 19 0.3
p 49 19 0.3
p 50 19 0.3
p 51 19 0.2
p 52 19 0.2
p 53 19 0.3
p 54 19 0.3
p 55 19 0.2
p 56 19 0.3
p 57 19 0.4
p 58 19 0.6
p 59 19 0.6
p 60 19 0.7
p 61 19 0.7
p 62 19 0.6
p 63 19 0.7
p 64 19 0.7
p 65 19 0.7
p 66 19 0.7
p 67 19 0.7
p 68 19 0.7
p 69 19 0.7
p 70 19 0.7
p 71 19 0.7
p 72 19 0.8
p 73 19 0.7
p 74 19 0.7
p 75 19 0.6
p 76 19 0.6
p 0 20 0.3
p 1 20 0.3
p 2 20 0.3
p 3 20 0.3
p 4 20 0.3
p 5 20 0.4
p 6 20 0.4
p 7 20 0.4
p 8 20 0.5
p 9 20 0.5
p 10 20 0.5
p 11 20 0.5
p 12 20 0.4
p 13 20 0.4
p 14 20 0.5
p 15 20 0.4
p 16 20 0.5
p 17 20 0.5
p 18 20 0.5
p 19 20 0.5
p 20 20 0.5
p 21 20 0.5
p 22 20 0.5
p 23 20 0.4
p 24 20 0.4
p 25 20 0.2
p 26 20 0.0
p 27 20 0.0
p 28 20 0.1
p 29 20 0.1
p 30 20 0.0
p 31 20 0.2
p 32 20 0.0
p 33 20 0.2
p 34 20 0.4
p 35 20 0.6
p 36 20 0.8
p 37 20 0.8
p 38 20 0.8
p 39 20 0.8
p 40 20 0.7
p 41 20 0.7
p 42 20 0.7
p 43 20 0.8
p 44 20 0.8
p 45 20 0.8
p 46 20 0.7
p 47 20 0.7
p 48 20 0.5
p 49 20 0.4
p 50 20 0.3
p 51 20 0.4
p 52 20 0.4
p 53 20 0.4
p 54 20 0.4
p 55 20 0.2
p 56 20 0.2
p 57 20 0.2
p 58 20 0.3
p 59 20 0.4
p 60 20 0.4
p 61 20 0.5
p 62 20 0.4
p 63 20 0.5
p 64 20 0.6
p 65 20 0.6
p 66 20 0.5
p 67 20 0.5
p 68 20 0.7
p 69 20 0.8
p 70 20 0.8
p 71 20 0.7
p 72 20 0.7
p 73 20 0.7
p 74 20 0.7
p 75 20 0.7
p 76 20 0.6
p 0 21 0.3
p 1 21 0.3
p 2 21 0.4
p 3 21 0.4
p 4 21 0.3
p 5 21 0.4
p 6 21 0.4
p 7 21 0.5
p 8 21 0.5
p 9 21 0.5
p 10 21 0.4
p 11 21 0.4
p 12 21 0.4
p 13 21 0.4
p 14 21 0.5
p 15 21 0.4
p 16 21 0.1
p 17 21 0.3
p 18 21 0.3
p 19 21 0.2
p 20 21 0.3
p 21 21 0.3
p 22 21 0.2
p 23 21 0.2
p 24 21 0.1
p 25 21 0.1
p 26 21 0.1
p 27 21 0.2
p 28 21 0.2
p 29 21 0.0
p 30 21 0.2
p 31 21 0.4
p 32 21 0.6
p 33 21 0.7
p 34 21 0.8
p 35 21 0.9
p 36 21 0.8
p 37 21 0.8
p 38 21 0.8
p 39 21 0.8
p 40 21 0.8
p 41 21 0.8
p 42 21 0.8
p 43 21 0.9
p 44 21 0.8
p 45 21 0.8
p 46 21 0.8
p 47 21 0.8
p 48 21 0.6
p 49 21 0.4
p 50 21 0.4
p 51 21 0.5
p 52 21 0.5
p 53 21 0.5
p 54 21 0.4
p 55 21 0.3
p 56 21 0.3
p 57 21 0.2
p 58 21 0.3
p 59 21 0.4
p 60 21 0.5
p 61 21 0.5
p 62 21 0.5
p 63 21 0.6
p 64 21 0.7
p 65 21 0.7
p 66 21 0.7
p 67 21 0.7
p 68 21 0.7
p 69 21 0.8
p 70 21 0.8
p 71 21 0.7
p 72 21 0.7
p 73 21 0.6
p 74 21 0.7
p 75 21 0.7
p 76 21 0.5
p 0 22 0.3
p 1 22 0.3
p 2 22 0.3
p 3 22 0.3
p 4 22 0.2
p 5 22 0.3
p 6 22 0.4
p 7 22 0.4
p 8 22 0.5
p 9 22 0.4
p 10 22 0.4
p 11 22 0.4
p 12 22 0.5
p 13 22 0.5
p 14 22 0.5
p 15 22 0.4
p 16 22 0.2
p 17 22 0.3
p 18 22 0.3
p 19 22 0.0
p 20 22 0.3
p 21 22 0.4
p 22 22 0.2
p 23 22 0.1
p 24 22 0.1
p 25 22 0.1
p 26 22 0.0
p 27 22 0.1
p 28 22 0.2
p 29 22 0.4
p 30 22 0.7
p 31 22 0.8
p 32 22 0.8
p 33 22 0.9
p 34 22 0.9
p 35 22 0.9
p 36 22 0.9
p 37 22 0.9
p 38 22 0.9
p 39 22 0.9
p 40 22 0.9
p 41 22 0.9
p 42 22 0.9
p 43 22 0.9
p 44 22 0.9
p 45 22 0.8
p 46 22 0.8
p 47 22 0.8
p 48 22 0.6
p 49 22 0.5
p 50 22 0.4
p 51 22 0.5
p 52 22 0.6
p 53 22 0.4
p 54 22 0.3
p 55 22 0.3
p 56 22 0.3
p 57 22 0.3
p 58 22 0.3
p 59 22 0.3
p 60 22 0.4
p 61 22 0.5
p 62 22 0.5
p 63 22 0.6
p 64 22 0.7
p 65 22 0.8
p 66 22 0.8
p 67 22 0.8
p 68 22 0.8
p 69 22 0.7
p 70 22 0.8
p 71 22 0.7
p 72 22 0.7
p 73 22 0.7
p 74 22 0.7
p 75 22 0.7
p 76 22 0.6
p 0 23 0.4
p 1 23 0.3
p 2 23 0.3
p 3 23 0.3
p 4 23 0.3
p 5 23 0.3
p 6 23 0.4
p 7 23 0.4
p 8 23 0.4
p 9 23 0.5
p 10 23 0.5
p 11 23 0.5
p 12 23 0.6
p 13 23 0.5
p 14 23 0.4
p 15 23 0.3
p 16 23 0.3
p 17 23 0.4
p 18 23 0.4
p 19 23 0.2
p 20 23 0.3
p 21 23 0.4
p 22 23 0.2
p 23 23 0.2
p 24 23 0.0
p 25 23 0.1
p 26 23 0.1
p 27 23 0.3
p 28 23 0.4
p 29 23 0.7
p 30 23 0.9
p 31 23 0.9
p 32 23 0.9
p 33 23 0.9
p 34 23 0.9
p 35 23 0.9
p 36 23 0.9
p 37 23 0.9
p 38 23 0.9
p 39 23 0.9
p 40 23 0.9
p 41 23 0.9
p 42 23 0.9
p 43 23 0.9
p 44 23 0.9
p 45 23 0.9
p 46 23 0.8
p 47 23 0.8
p 48 23 0.6
p 49 23 0.5
p 50 23 0.5
p 51 23 0.5
p 52 23 0.5
p 53 23 0.3
p 54 23 0.0
p 55 23 0.3
p 56 23 0.3
p 57 23 0.4
p 58 23 0.4
p 59 23 0.4
p 60 23 0.3
p 61 23 0.3
p 62 23 0.4
p 63 23 0.4
p 64 23 0.6
p 65 23 0.7
p 66 23 0.7
p 67 23 0.7
p 68 23 0.8
p 69 23 0.8
p 70 23 0.8
p 71 23 0.7
p 72 23 0.7
p 73 23 0.7
p 74 23 0.7
p 75 23 0.7
p 76 23 0.7
p 0 24 0.3
p 1 24 0.3
p 2 24 0.3
p 3 24 0.4
p 4 24 0.3
p 5 24 0.3
p 6 24 0.5
p 7 24 0.6
p 8 24 0.6
p 9 24 0.6
p 10 24 0.6
p 11 24 0.6
p 12 24 0.6
p 13 24 0.5
p 14 24 0.5
p 15 24 0.4
p 16 24 0.4
p 17 24 0.5
p 18 24 0.5
p 19 24 0.4
p 20 24 0.3
p 21 24 0.3
p 22 24 0.1
p 23 24 0.0
p 24 24 0.1
p 25 24 0.1
p 26 24 0.5
p 27 24 0.5
p 28 24 0.6
p 29 24 0.8
p 30 24 0.9
p 31 24 0.9
p 32 24 0.9
p 33 24 0.9
p 34 24 0.9
p 35 24 0.9
p 36 24 0.9
p 37 24 0.9
p 38 24 0.9
p 39 24 0.9
p 40 24 0.9
p 41 24 0.9
p 42 24 0.9
p 43 24 0.9
p 44 24 0.9
p 45 24 0.9
p 46 24 0.8
p 47 24 0.7
p 48 24 0.6
p 49 24 0.5
p 50 24 0.5
p 51 24 0.5
p 52 24 0.4
p 53 24 0.3
p 54 24 0.4
p 55 24 0.5
p 56 24 0.5
p 57 24 0.6
p 58 24 0.6
p 59 24 0.6
p 60 24 0.5
p 61 24 0.4
p 62 24 0.3
p 63 24 0.3
p 64 24 0.4
p 65 24 0.5
p 66 24 0.6
p 67 24 0.7
p 68 24 0.7
p 69 24 0.7
p 70 24 0.7
p 71 24 0.8
p 72 24 0.8
p 73 24 0.8
p 74 24 0.8
p 75 24 0.8
p 76 24 0.8
p 0 25 0.3
p 1 25 0.3
p 2 25 0.3
p 3 25 0.3
p 4 25 0.2
p 5 25 0.2
p 6 25 0.3
p 7 25 0.4
p 8 25 0.4
p 9 25 0.5
p 10 25 0.6
p 11 25 0.6
p 12 25 0.6
p 13 25 0.6
p 14 25 0.6
p 15 25 0.5
p 16 25 0.5
p 17 25 0.5
p 18 25 0.4
p 19 25 0.2
p 20 25 0.0
p 21 25 0.0
p 22 25 0.1
p 23 25 0.2
p 24 25 0.0
p 25 25 0.5
p 26 25 0.7
p 27 25 0.7
p 28 25 0.8
p 29 25 0.9
p 30 25 0.9
p 31 25 0.9
p 32 25 0.9
p 33 25 0.9
p 34 25 0.9
p 35 25 0.9
p 36 25 0.9
p 37 25 0.9
p 38 25 0.9
p 39 25 0.9
p 40 25 0.9
p 41 25 0.9
p 42 25 0.9
p 43 25 0.9
p 44 25 0.9
p 45 25 0.8
p 46 25 0.8
p 47 25 0.7
p 48 25 0.6
p 49 25 0.5
p 50 25 0.5
p 51 25 0.6
p 52 25 0.6
p 53 25 0.7
p 54 25 0.7
p 55 25 0.8
p 56 25 0.7
p 57 25 0.7
p 58 25 0.7
p 59 25 0.6
p 60 25 0.6
p 61 25 0.5
p 62 25 0.3
p 63 25 0.3
p 64 25 0.2
p 65 25 0.1
p 66 25 0.2
p 67 25 0.3
p 68 25 0.4
p 69 25 0.5
p 70 25 0.5
p 71 25 0.6
p 72 25 0.6
p 73 25 0.6
p 74 25 0.6
p 75 25 0.7
p 76 25 0.7
p 0 26 0.4
p 1 26 0.4
p 2 26 0.4
p 3 26 0.4
p 4 26 0.4
p 5 26 0.3
p 6 26 0.3
p 7 26 0.3
p 8 26 0.3
p 9 26 0.2
p 10 26 0.3
p 11 26 0.5
p 12 26 0.5
p 13 26 0.5
p 14 26 0.6
p 15 26 0.6
p 16 26 0.6
p 17 26 0.4
p 18 26 0.0
p 19 26 0.0
p 20 26 0.3
p 21 26 0.2
p 22 26 0.0
p 23 26 0.1
p 24 26 0.3
p 25 26 0.6
p 26 26 0.8
p 27 26 0.9
p 28 26 0.9
p 29 26 0.9
p 30 26 0.9
p 31 26 0.9
p 32 26 0.9
p 33 26 0.9
p 34 26 0.9
p 35 26 0.9
p 36 26 0.9
p 37 26 0.9
p 38 26 0.9
p 39 26 0.9
p 40 26 0.9
p 41 26 0.9
p 42 26 0.9
p 43 26 0.9
p 44 26 0.9
p 45 26 0.8
p 46 26 0.8
p 47 26 0.7
p 48 26 0.7
p 49 26 0.7
p 50 26 0.7
p 51 26 0.7
p 52 26 0.7
p 53 26 0.7
p 54 26 0.6
p 55 26 0.6
p 56 26 0.5
p 57 26 0.4
p 58 26 0.4
p 59 26 0.3
p 60 26 0.3
p 61 26 0.2
p 62 26 0.0
p 63 26 0.1
p 64 26 0.0
p 65 26 0.2
p 66 26 0.2
p 67 26 0.1
p 68 26 0.2
p 69 26 0.4
p 70 26 0.4
p 71 26 0.5
p 72 26 0.4
p 73 26 0.4
p 74 26 0.5
p 75 26 0.6
p 76 26 0.7
p 0 27 0.4
p 1 27 0.3
p 2 27 0.3
p 3 27 0.3
p 4 27 0.3
p 5 27 0.4
p 6 27 0.5
p 7 27 0.5
p 8 27 0.5
p 9 27 0.5
p 10 27 0.5
p 11 27 0.6
p 12 27 0.6
p 13 27 0.6
p 14 27 0.6
p 15 27 0.6
p 16 27 0.3
p 17 27 0.2
p 18 27 0.0
p 19 27 0.2
p 20 27 0.1
p 21 27 0.1
p 22 27 0.2
p 23 27 0.2
p 24 27 0.3
p 25 27 0.5
p 26 27 0.7
p 27 27 0.8
p 28 27 0.8
p 29 27 0.9
p 30 27 0.9
p 31 27 0.9
p 32 27 0.9
p 33 27 0.9
p 34 27 0.9
p 35 27 0.9
p 36 27 0.9
p 37 27 0.9
p 38 27 0.9
p 39 27 0.9
p 40 27 0.9
p 41 27 0.9
p 42 27 0.9
p 43 27 0.9
p 44 27 0.9
p 45 27 0.8
p 46 27 0.7
p 47 27 0.7
p 48 27 0.6
p 49 27 0.5
p 50 27 0.5
p 51 27 0.5
p 52 27 0.4
p 53 27 0.3
p 54 27 0.2
p 55 27 0.1
p 56 27 0.1
p 57 27 0.1
p 58 27 0.1
p 59 27 0.1
p 60 27 0.1
p 61 27 0.2
p 62 27 0.2
p 63 27 0.2
p 64 27 0.2
p 65 27 0.1
p 66 27 0.2
p 67 27 0.2
p 68 27 0.2
p 69 27 0.2
p 70 27 0.3
p 71 27 0.5
p 72 27 0.5
p 73 27 0.5
p 74 27 0.5
p 75 27 0.5
p 76 27 0.5
p 0 28 0.4
p 1 28 0.4
p 2 28 0.4
p 3 28 0.5
p 4 28 0.5
p 5 28 0.5
p 6 28 0.5
p 7 28 0.5
p 8 28 0.5
p 9 28 0.5
p 10 28 0.5
p 11 28 0.5
p 12 28 0.5
p 13 28 0.5
p 14 28 0.3
p 15 28 0.0
p 16 28 0.1
p 17 28 0.0
p 18 28 0.1
p 19 28 0.1
p 20 28 0.1
p 21 28 0.2
p 22 28 0.3
p 23 28 0.3
p 24 28 0.5
p 25 28 0.5
p 26 28 0.4
p 27 28 0.5
p 28 28 0.5
p 29 28 0.6
p 30 28 0.6
p 31 28 0.6
p 32 28 0.7
p 33 28 0.8
p 34 28 0.8
p 35 28 0.8
p 36 28 0.8
p 37 28 0.9
p 38 28 0.9
p 39 28 0.9
p 40 28 0.9
p 41 28 0.9
p 42 28 0.8
p 43 28 0.8
p 44 28 0.7
p 45 28 0.6
p 46 28 0.5
p 47 28 0.5
p 48 28 0.3
p 49 28 0.3
p 50 28 0.2
p 51 28 0.2
p 52 28 0.1
p 53 28 0.2
p 54 28 0.3
p 55 28 0.3
p 56 28 0.3
p 57 28 0.3
p 58 28 0.3
p 59 28 0.2
p 60 28 0.1
p 61 28 0.1
p 62 28 0.1
p 63 28 0.0
p 64 28 0.2
p 65 28 0.1
p 66 28 0.1
p 67 28 0.2
p 68 28 0.2
p 69 28 0.2
p 70 28 0.2
p 71 28 0.4
p 72 28 0.6
p 73 28 0.6
p 74 28 0.6
p 75 28 0.5
p 76 28 0.5
p 0 29 0.3
p 1 29 0.4
p 2 29 0.4
p 3 29 0.5
p 4 29 0.5
p 5 29 0.5
p 6 29 0.5
p 7 29 0.5
p 8 29 0.5
p 9 29 0.6
p 10 29 0.5
p 11 29 0.5
p 12 29 0.5
p 13 29 0.2
p 14 29 0.0
p 15 29 0.2
p 16 29 0.2
p 17 29 0.1
p 18 29 0.1
p 19 29 0.2
p 20 29 0.1
p 21 29 0.2
p 22 29 0.4
p 23 29 0.4
p 24 29 0.4
p 25 29 0.4
p 26 29 0.4
p 27 29 0.4
p 28 29 0.4
p 29 29 0.4
p 30 29 0.5
p 31 29 0.5
p 32 29 0.5
p 33 29 0.5
p 34 29 0.5
p 35 29 0.5
p 36 29 0.5
p 37 29 0.6
p 38 29 0.6
p 39 29 0.6
p 40 29 0.6
p 41 29 0.6
p 42 29 0.6
p 43 29 0.5
p 44 29 0.4
p 45 29 0.4
p 46 29 0.4
p 47 29 0.2
p 48 29 0.2
p 49 29 0.2
p 50 29 0.1
p 51 29 0.1
p 52 29 0.3
p 53 29 0.4
p 54 29 0.4
p 55 29 0.4
p 56 29 0.3
p 57 29 0.3
p 58 29 0.2
p 59 29 0.2
p 60 29 0.1
p 61 29 0.1
p 62 29 0.2
p 63 29 0.2
p 64 29 0.0
p 65 29 0.2
p 66 29 0.2
p 67 29 0.1
p 68 29 0.1
p 69 29 0.3
p 70 29 0.2
p 71 29 0.1
p 72 29 0.3
p 73 29 0.4
p 74 29 0.4
p 75 29 0.4
p 76 29 0.4
p 0 30 0.1
p 1 30 0.2
p 2 30 0.4
p 3 30 0.4
p 4 30 0.4
p 5 30 0.5
p 6 30 0.5
p 7 30 0.5
p 8 30 0.5
p 9 30 0.5
p 10 30 0.5
p 11 30 0.6
p 12 30 0.5
p 13 30 0.2
p 14 30 0.0
p 15 30 0.1
p 16 30 0.0
p 17 30 0.1
p 18 30 0.1
p 19 30 0.0
p 20 30 0.0
p 21 30 0.3
p 22 30 0.3
p 23 30 0.3
p 24 30 0.4
p 25 30 0.2
p 26 30 0.3
p 27 30 0.4
p 28 30 0.3
p 29 30 0.3
p 30 30 0.5
p 31 30 0.5
p 32 30 0.5
p 33 30 0.5
p 34 30 0.5
p 35 30 0.5
p 36 30 0.5
p 37 30 0.4
p 38 30 0.4
p 39 30 0.4
p 40 30 0.4
p 41 30 0.4
p 42 30 0.4
p 43 30 0.3
p 44 30 0.2
p 45 30 0.1
p 46 30 0.2
p 47 30 0.0
p 48 30 0.1
p 49 30 0.2
p 50 30 0.2
p 51 30 0.3
p 52 30 0.3
p 53 30 0.4
p 54 30 0.4
p 55 30 0.3
p 56 30 0.4
p 57 30 0.4
p 58 30 0.4
p 59 30 0.5
p 60 30 0.4
p 61 30 0.4
p 62 30 0.4
p 63 30 0.3
p 64 30 0.3
p 65 30 0.2
p 66 30 0.2
p 67 30 0.2
p 68 30 0.2
p 69 30 0.2
p 70 30 0.2
p 71 30 0.3
p 72 30 0.4
p 73 30 0.5
p 74 30 0.6
p 75 30 0.5
p 76 30 0.5
p 0 31 0.2
p 1 31 0.0
p 2 31 0.2
p 3 31 0.3
p 4 31 0.3
p 5 31 0.3
p 6 31 0.3
p 7 31 0.4
p 8 31 0.4
p 9 31 0.4
p 10 31 0.4
p 11 31 0.4
p 12 31 0.3
p 13 31 0.1
p 14 31 0.1
p 15 31 0.1
p 16 31 0.1
p 17 31 0.1
p 18 31 0.1
p 19 31 0.1
p 20 31 0.2
p 21 31 0.2
p 22 31 0.2
p 23 31 0.2
p 24 31 0.0
p 25 31 0.2
p 26 31 0.2
p 27 31 0.2
p 28 31 0.2
p 29 31 0.3
p 30 31 0.4
p 31 31 0.4
p 32 31 0.4
p 33 31 0.4
p 34 31 0.4
p 35 31 0.3
p 36 31 0.3
p 37 31 0.3
p 38 31 0.3
p 39 31 0.3
p 40 31 0.3
p 41 31 0.2
p 42 31 0.0
p 43 31 0.1
p 44 31 0.1
p 45 31 0.1
p 46 31 0.1
p 47 31 0.1
p 48 31 0.2
p 49 31 0.2
p 50 31 0.3
p 51 31 0.3
p 52 31 0.2
p 53 31 0.2
p 54 31 0.3
p 55 31 0.3
p 56 31 0.4
p 57 31 0.5
p 58 31 0.6
p 59 31 0.5
p 60 31 0.5
p 61 31 0.4
p 62 31 0.4
p 63 31 0.3
p 64 31 0.3
p 65 31 0.2
p 66 31 0.2
p 67 31 0.2
p 68 31 0.2
p 69 31 0.3
p 70 31 0.3
p 71 31 0.3
p 72 31 0.1
p 73 31 0.3
p 74 31 0.5
p 75 31 0.5
p 76 31 0.5
p 0 32 0.0
p 1 32 0.2
p 2 32 0.3
p 3 32 0.4
p 4 32 0.5
p 5 32 0.5
p 6 32 0.5
p 7 32 0.5
p 8 32 0.5
p 9 32 0.6
p 10 32 0.5
p 11 32 0.4
p 12 32 0.2
p 13 32 0.2
p 14 32 0.1
p 15 32 0.1
p 16 32 0.1
p 17 32 0.1
p 18 32 0.1
p 19 32 0.1
p 20 32 0.1
p 21 32 0.1
p 22 32 0.1
p 23 32 0.1
p 24 32 0.1
p 25 32 0.1
p 26 32 0.2
p 27 32 0.2
p 28 32 0.2
p 29 32 0.2
p 30 32 0.2
p 31 32 0.2
p 32 32 0.2
p 33 32 0.2
p 34 32 0.2
p 35 32 0.2
p 36 32 0.3
p 37 32 0.3
p 38 32 0.3
p 39 32 0.3
p 40 32 0.2
p 41 32 0.2
p 42 32 0.1
p 43 32 0.1
p 44 32 0.1
p 45 32 0.1
p 46 32 0.1
p 47 32 0.1
p 48 32 0.2
p 49 32 0.2
p 50 32 0.2
p 51 32 0.1
p 52 32 0.1
p 53 32 0.3
p 54 32 0.4
p 55 32 0.4
p 56 32 0.5
p 57 32 0.5
p 58 32 0.5
p 59 32 0.5
p 60 32 0.4
p 61 32 0.3
p 62 32 0.3
p 63 32 0.2
p 64 32 0.2
p 65 32 0.1
p 66 32 0.2
p 67 32 0.2
p 68 32 0.2
p 69 32 0.3
p 70 32 0.3
p 71 32 0.3
p 72 32 0.2
p 73 32 0.2
p 74 32 0.3
p 75 32 0.4
p 76 32 0.5
p 0 33 0.3
p 1 33 0.4
p 2 33 0.5
p 3 33 0.5
p 4 33 0.5
p 5 33 0.5
p 6 33 0.6
p 7 33 0.6
p 8 33 0.6
p 9 33 0.6
p 10 33 0.5
p 11 33 0.3
p 12 33 0.2
p 13 33 0.1
p 14 33 0.1
p 15 33 0.1
p 16 33 0.1
p 17 33 0.1
p 18 33 0.1
p 19 33 0.1
p 20 33 0.1
p 21 33 0.1
p 22 33 0.1
p 23 33 0.1
p 24 33 0.1
p 25 33 0.1
p 26 33 0.1
p 27 33 0.1
p 28 33 0.2
p 29 33 0.2
p 30 33 0.2
p 31 33 0.1
p 32 33 0.1
p 33 33 0.2
p 34 33 0.2
p 35 33 0.2
p 36 33 0.3
p 37 33 0.3
p 38 33 0.2
p 39 33 0.2
p 40 33 0.2
p 41 33 0.1
p 42 33 0.1
p 43 33 0.1
p 44 33 0.1
p 45 33 0.1
p 46 33 0.1
p 47 33 0.1
p 48 33 0.1
p 49 33 0.2
p 50 33 0.2
p 51 33 0.2
p 52 33 0.3
p 53 33 0.4
p 54 33 0.4
p 55 33 0.4
p 56 33 0.5
p 57 33 0.5
p 58 33 0.4
p 59 33 0.3
p 60 33 0.3
p 61 33 0.1
p 62 33 0.2
p 63 33 0.1
p 64 33 0.2
p 65 33 0.2
p 66 33 0.2
p 67 33 0.2
p 68 33 0.2
p 69 33 0.3
p 70 33 0.3
p 71 33 0.3
p 72 33 0.2
p 73 33 0.2
p 74 33 0.4
p 75 33 0.5
p 76 33 0.6
p 0 34 0.4
p 1 34 0.4
p 2 34 0.4
p 3 34 0.4
p 4 34 0.4
p 5 34 0.4
p 6 34 0.5
p 7 34 0.5
p 8 34 0.4
p 9 34 0.4
p 10 34 0.3
p 11 34 0.1
p 12 34 0.1
p 13 34 0.2
p 14 34 0.2
p 15 34 0.2
p 16 34 0.2
p 17 34 0.2
p 18 34 0.2
p 19 34 0.1
p 20 34 0.1
p 21 34 0.1
p 22 34 0.1
p 23 34 0.1
p 24 34 0.1
p 25 34 0.1
p 26 34 0.1
p 27 34 0.1
p 28 34 0.1
p 29 34 0.2
p 30 34 0.2
p 31 34 0.1
p 32 34 0.1
p 33 34 0.1
p 34 34 0.2
p 35 34 0.2
p 36 34 0.2
p 37 34 0.2
p 38 34 0.2
p 39 34 0.1
p 40 34 0.1
p 41 34 0.1
p 42 34 0.1
p 43 34 0.1
p 44 34 0.1
p 45 34 0.1
p 46 34 0.1
p 47 34 0.1
p 48 34 0.2
p 49 34 0.1
p 50 34 0.2
p 51 34 0.2
p 52 34 0.3
p 53 34 0.4
p 54 34 0.3
p 55 34 0.3
p 56 34 0.3
p 57 34 0.3
p 58 34 0.2
p 59 34 0.2
p 60 34 0.1
p 61 34 0.1
p 62 34 0.2
p 63 34 0.2
p 64 34 0.2
p 65 34 0.2
p 66 34 0.2
p 67 34 0.2
p 68 34 0.2
p 69 34 0.3
p 70 34 0.3
p 71 34 0.3
p 72 34 0.2
p 73 34 0.2
p 74 34 0.3
p 75 34 0.4
p 76 34 0.4
p 0 35 0.3
p 1 35 0.2
p 2 35 0.1
p 3 35 0.2
p 4 35 0.2
p 5 35 0.3
p 6 35 0.2
p 7 35 0.1
p 8 35 0.1
p 9 35 0.1
p 10 35 0.0
p 11 35 0.0
p 12 35 0.1
p 13 35 0.2
p 14 35 0.2
p 15 35 0.1
p 16 35 0.2
p 17 35 0.2
p 18 35 0.2
p 19 35 0.1
p 20 35 0.1
p 21 35 0.1
p 22 35 0.1
p 23 35 0.1
p 24 35 0.1
p 25 35 0.1
p 26 35 0.1
p 27 35 0.1
p 28 35 0.1
p 29 35 0.1
p 30 35 0.1
p 31 35 0.1
p 32 35 0.1
p 33 35 0.2
p 34 35 0.2
p 35 35 0.2
p 36 35 0.2
p 37 35 0.2
p 38 35 0.2
p 39 35 0.2
p 40 35 0.1
p 41 35 0.1
p 42 35 0.1
p 43 35 0.1
p 44 35 0.1
p 45 35 0.1
p 46 35 0.1
p 47 35 0.1
p 48 35 0.2
p 49 35 0.2
p 50 35 0.1
p 51 35 0.2
p 52 35 0.3
p 53 35 0.3
p 54 35 0.2
p 55 35 0.2
p 56 35 0.1
p 57 35 0.2
p 58 35 0.2
p 59 35 0.2
p 60 35 0.2
p 61 35 0.2
p 62 35 0.2
p 63 35 0.1
p 64 35 0.2
p 65 35 0.2
p 66 35 0.2
p 67 35 0.2
p 68 35 0.2
p 69 35 0.2
p 70 35 0.3
p 71 35 0.3
p 72 35 0.3
p 73 35 0.3
p 74 35 0.2
p 75 35 0.2
p 76 35 0.3
